b9 00 00 00 00 00 00 00 294b0000
ba 00 00 00 00 00 00 00 914b0000
bb 00 00 00 00 00 00 00 f94b0000
bc 00 00 00 00 00 00 00 614c0000
bd 00 00 00 00 00 00 00 c94c0000
be 00 00 00 00 00 00 00 314d0000
bf 00 00 00 00 00 00 00 994d0000
c0 00 00 00 00 00 00 00 014e0000
c1 00 00 00 00 00 00 00 694e0000
c2 00 00 00 00 00 00 00 d14e0000
c3 00 00 00 00 00 00 00 394f0000
c4 00 00 00 00 00 00 00 a14f0000
c5 00 00 00 00 00 00 00 09500000
c6 00 00 00 00 00 00 00 71500000
c7 00 00 00 00 00 00 00 d9500000
c8 00 00 00 00 00 00 00 41510000
c9 00 00 00 00 00 00 00 a9510000
ca 00 00 00 00 00 00 00 11520000
cb 00 00 00 00 00 00 00 79520000
cc 00 00 00 00 00 00 00 e1520000
cd 00 00 00 00 00 00 00 49530000
ce 00 00 00 00 00 00 00 b1530000
cf 00 00 00 00 00 00 00 19540000
d0 00 00 00 00 00 00 00 81540000
d1 00 00 00 00 00 00 00 e9540000
d2 00 00 00 00 00 00 00 51550000
d3 00 00 00 00 00 00 00 b9550000
d4 00 00 00 00 00 00 00 21560000
d5 00 00 00 00 00 00 00 89560000
d6 00 00 00 00 00 00 00 f1560000
d7 00 00 00 00 00 00 00 59570000
d8 00 00 00 00 00 00 00 c1570000
d9 00 00 00 00 00 00 00 29580000
da 00 00 00 00 00 00 00 91580000
db 00 00 00 00 00 00 00 f9580000
dc 00 00 00 00 00 00 00 61590000
dd 00 00 00 00 00 00 00 c9590000
de 00 00 00 00 00 00 00 315a0000
df 00 00 00 00 00 00 00 995a0000
e0 00 00 00 00 00 00 00 015b0000
e1 00 00 00 00 00 00 00 695b0000
e2 00 00 00 00 00 00 00 d15b0000
e3 00 00 00 00 00 00 00 395c0000
e4 00 00 00 00 00 00 00 a15c0000
e5 00 00 00 00 00 00 00 095d0000
e6 00 00 00 00 00 00 00 715d0000
e7 00 00 00 00 00 00 00 d95d0000
e8 00 00 00 00 00 00 00 415e0000
e9 00 00 00 00 00 00 00 a95e0000
ea 00 00 00 00 00 00 00 115f0000
eb 00 00 00 00 00 00 00 795f0000
ec 00 00 00 00 00 00 00 e15f0000
ed 00 00 00 00 00 00 00 49600000
ee 00 00 00 00 00 00 00 b1600000
ef 00 00 00 00 00 00 00 19610000
f0 00 00 00 00 00 00 00 81610000
f1 00 00 00 00 00 00 00 e9610000
f2 00 00 00 00 00 00 00 51620000
f3 00 00 00 00 00 00 00 b9620000
